latitude, longitude, time-stamp, count, trail_number, local_group_number
23.56422,87.2830066667,104.50,1284,6,1
23.5593383333,87.2846666667,86.40,52,6,2
23.5579216667,87.285465,90.00,1,6,3
23.5560216667,87.286295,87.80,2,6,4
23.5550683333,87.2856766667,84.30,10,6,5
23.5524566667,87.286995,78.40,9,6,6
23.5511633333,87.2859533333,80.30,2,6,7
23.5482216667,87.28361,77.00,8,6,8
23.5470616667,87.2826983333,78.30,2,6,9
23.545315,87.2812816667,75.70,1,6,10
23.5417016667,87.2899083333,77.90,7,6,11
23.5395416667,87.293,78.80,19,6,12
23.5390333333,87.2945133333,80.60,6,6,13
23.5375283333,87.2967283333,85.60,33,6,14
23.5357616667,87.29777,83.50,370,6,15
23.5281966667,87.3111483333,96.50,13,6,16
23.51081,87.3106766667,90.00,2,6,17
23.507145,87.3098466667,85.10,3,6,18
23.50384,87.307845,85.00,34,6,19
23.5002916667,87.3059883333,80.80,9,6,20
23.4946966667,87.316845,66.20,1,6,21
