latitude, longitude, time-stamp, count, trail_number, local_group_number
23.56422,87.2831216667,91.10,775,8,1
23.5612616667,87.2836583333,86.00,3,8,2
23.5550616667,87.285725,85.10,5,8,3
23.5500516667,87.2851233333,77.50,1,8,4
23.5482,87.2836583333,75.70,8,8,5
23.543705,87.284585,79.60,5,8,6
23.5428866667,87.2905266667,85.50,26,8,7
23.5417633333,87.2899083333,82.50,6,8,8
23.5408033333,87.2922683333,83.90,6,8,9
23.5375966667,87.296825,89.30,22,8,10
23.5359983333,87.295865,85.90,8,8,11
23.5357416667,87.29772,86.40,375,8,12
23.5333766667,87.3065583333,97.80,6,8,13
23.5282183333,87.3111966667,100.80,43,8,14
23.52729,87.3111966667,99.10,21,8,15
23.51942,87.311295,106.30,8,8,16
23.5037183333,87.3077783333,84.50,10,8,17
23.5003416667,87.3059716667,82.50,15,8,18
23.4964266667,87.3137516667,68.50,2,8,19
23.4947616667,87.3168766667,67.50,251,8,20
